Usage (parameters must be supplied in order):
./ping [payloadSize (bytes, 0 - 100M)] [numSamples (0 = infinite)] [timeOut (seconds, 0 = infinite)]
./ping quit - ping sends a quit signal to pong.
Defaults:
./ping 0 0 0
# payloadSize: %65536 | numSamples: %0 | timeOut: %0

# Waiting for startup jitter to stabilise
# Warm up complete.

# Latency measurements (in us)
#             Latency [us]                                   Write-access time [us]       Read-access time [us]
# Seconds     Count   median      min      99%%      max      Count   median      min      Count   median      min
        1      5308       75       66       753     4217       5308        7        5       5308       85       82
        2      6588       69       65       132     1130       6588        6        5       6588       84       82
        3      6559       69       65       133      909       6559        6        5       6559       84       80
        4      6680       69       63       114      934       6680        6        5       6680       83       81
        5      6651       70       65       118      838       6651        6        5       6651       84       81
        6      6671       69       65       129      860       6671        6        5       6671       83       81
        7      6751       68       65       119      798       6751        6        5       6751       83       80
        8      6470       70       65       126      734       6470        6        5       6470       85       81
        9      5425       80       65       252     2780       5425        7        5       5425       85       81
       10      3994      106       66       400     3115       3994        9        5       3994      111       84
       11      6033       70       65       197     1013       6033        7        5       6033       84       82
       12      6447       70       65       133      824       6447        7        5       6447       85       82
       13      6163       72       65       143      987       6163        7        5       6163       86       83
       14      6263       71       65       137      863       6263        7        5       6263       85       82
       15      6093       75       65       153     1101       6093        7        5       6093       86       82
       16      6548       69       65       131      977       6548        7        5       6548       84       82
       17      6222       71       65       159     1142       6222        7        5       6222       85       82
       18      5874       75       66       154     1104       5874        7        5       5874       86       82
       19      6103       71       66       157     1126       6103        7        5       6103       85       82
       20      5496       81       66       185     1834       5496        7        5       5496       91       82
       21      6217       71       65       138     1268       6217        7        5       6217       86       82
       22      5348       87       66       177     1373       5348        7        5       5348       88       83
       23      5583       83       66       180     1141       5583        7        5       5583       89       83
       24      6300       71       65       133     1115       6300        7        5       6300       85       82
       25      5814       74       66       163     1408       5814        7        5       5814       85       82
       26      5818       72       66       167     1289       5818        7        5       5818       85       82
       27      5462       84       66       169     4519       5462        7        5       5462       92       83
       28      5785       78       65       160     1550       5785        7        5       5785       86       83
       29      6307       70       65       136     2008       6307        6        5       6307       85       82
       30      5952       73       65       156     1239       5952        7        5       5952       85       83
       31      5841       75       65       168     1200       5841        7        5       5841       86       83
       32      6281       71       66       142     1199       6281        7        5       6281       85       82
       33      5857       76       66       160     1543       5857        7        5       5857       86       82
       34      6152       71       65       140     1373       6152        7        5       6152       85       81
       35      6287       70       65       139     1628       6287        6        5       6287       84       83
       36      5927       74       66       153     2374       5927        7        5       5927       86       81
       37      6020       70       65       153     2182       6020        6        5       6020       85       82
       38      5962       74       66       152     1345       5962        7        5       5962       86       82
       39      6164       69       65       153     1531       6164        7        5       6164       85       83
       40      6201       71       66       136     1713       6201        6        5       6201       85       82
       41      6337       71       65       140     1830       6337        6        5       6337       85       82
       42      5723       78       66       161     1698       5723        7        5       5723       86       83
       43      6258       71       65       135     1532       6258        7        5       6258       85       83
       44      6143       71       66       143     1760       6143        7        5       6143       85       81
       45      6456       69       65       139     1819       6456        6        5       6456       84       83
       46      6123       73       65       137     1836       6123        7        5       6123       85       82
       47      6301       70       65       130     1499       6301        6        5       6301       84       82
       48      5679       73       64       193     1983       5679        7        5       5679       86       79
       49      6266       71       65       132     2580       6266        6        5       6266       85       82
       50      6076       73       65       151     1856       6076        7        5       6076       85       80
       51      6101       71       62       137     4635       6101        6        5       6101       85       81
       52      6245       71       66       145     1938       6245        6        5       6245       85       82
       53      5702       76       65       190     1727       5702        6        5       5702       85       81
       54      6394       70       65       130     1665       6394        6        5       6394       84       81
       55      5799       74       64       159     1601       5799        6        5       5799       85       78
       56      6441       69       65       130     2356       6441        6        5       6441       84       81
       57      6349       71       66       130     1794       6349        7        5       6349       85       81
       58      5787       75       65       183     2370       5787        7        5       5787       85       82
       59      6101       71       65       156     1699       6101        7        5       6101       85       82
       60      6092       73       65       137     1856       6092        7        5       6092       85       82
       61      6106       71       65       146     1893       6106        6        5       6106       84       81
       62      6217       72       65       135     1847       6217        7        5       6217       87       83
       63      5209       87       67       172     1855       5209        8        5       5209       99       86
       64      5436       80       70       193     1994       5436        7        6       5436       96       88
       65      6091       74       67       139     2051       6091        6        6       6091       89       86
       66      6226       71       64       136     1735       6226        6        5       6226       86       82
       67      6400       72       67       114     2014       6400        7        5       6400       88       86
       68      6434       72       66       115     2691       6434        7        5       6434       87       84
       69      6349       71       67       129     1956       6349        6        5       6349       87       85
       70      6597       71       67       115     1832       6597        6        5       6597       87       86
       71      6435       71       67       127     2476       6435        6        5       6435       87       85
       72      6525       72       67       119     5315       6525        6        5       6525       87       85
       73      6582       71       67       117     2188       6582        6        5       6582       88       86
       74      6449       72       65       125     1926       6449        7        5       6449       87       83
       75      6664       71       67       120     2199       6664        7        5       6664       87       85
       76      6273       73       68       126     2677       6273        7        5       6273       88       86
       77      5907       74       68       160     2486       5907        7        6       5907       90       86
       78      5472       81       70       175     2232       5472        8        6       5472       96       88
       79      5770       76       66       164     2099       5770        7        5       5770       90       83
       80      5012       89       67       230     2596       5012        8        5       5012       99       86
       81      6018       74       67       138     2139       6018        7        5       6018       89       86
       82      5300       86       67       192     2463       5300        7        5       5300       93       86
       83      5558       84       66       161     2494       5558        8        5       5558       96       84
       84      5892       76       66       149     2112       5892        7        5       5892       89       83
       85      6015       74       67       136     2134       6015        7        5       6015       89       86
       86      5592       82       67       152     2199       5592        8        5       5592       92       86
       87      5830       78       69       172     2116       5830        8        6       5830       94       88
       88      5914       74       66       154     2232       5914        7        5       5914       89       86
       89      6185       73       66       132     2223       6185        7        5       6185       88       82
       90      6234       71       65       138     2156       6234        6        5       6234       87       83
       91      6259       72       67       132     2058       6259        6        5       6259       87       86
       92      6158       72       66       133     2569       6158        7        5       6158       87       84
       93      6243       71       65       129     5683       6243        6        5       6243       86       83
       94      6257       72       65       127     2460       6257        7        5       6257       87       83
       95      6081       74       65       126     2468       6081        7        5       6081       88       86
       96      6427       71       68       122     2278       6427        6        5       6427       87       85
       97      5537       80       69       160     2224       5537        7        6       5537       93       86
       98      6227       74       68       127     2335       6227        7        5       6227       89       86
       99      6244       72       68       139     2393       6244        6        6       6244       89       86
      100      5119       90       67       165     2307       5119        8        5       5119       98       86
      101      4688       96       76       188     2253       4688        9        6       4688      108       96
      102      5841       78       70       142     2136       5841        7        6       5841       92       88
      103      5881       75       67       153     2890       5881        7        6       5881       90       86
      104      4523       97       78       199     3859       4523        9        6       4523      106       97
      105      5716       81       69       145     2139       5716        7        6       5716       96       88
      106      5653       79       67       157     3564       5653        7        5       5653       90       86
      107      6219       72       66       134     2227       6219        6        5       6219       88       84
      108      5858       80       66       148     2428       5858        7        5       5858       88       83
      109      5499       84       68       160     2409       5499        8        5       5499       96       84
      110      6189       73       67       135     3237       6189        7        5       6189       89       86
      111      6053       73       67       136     2754       6053        6        5       6053       89       86
      112      5998       74       66       133     2426       5998        6        5       5998       87       86
      113      6280       72       67       131     2346       6280        6        5       6280       88       85
      114      6395       72       68       126     2636       6395        6        5       6395       87       85
      115      6367       73       66       122     2495       6367        6        5       6367       89       85
      116      6162       72       67       121     2452       6162        7        5       6162       88       85
      117      6433       72       66       123     2321       6433        6        5       6433       86       83
      118      6289       71       66       130     2513       6289        6        5       6289       86       83
      119      6449       72       66       120     2403       6449        6        5       6449       87       83
      120      6452       71       66       123     2555       6452        7        5       6452       87       83
      121      6446       72       66       132     2435       6446        7        5       6446       87       85
      122      6382       72       66       129     2938       6382        7        5       6382       88       83
      123      5562       76       68       176     2653       5562        8        5       5562       91       86
      124      6054       75       67       131     2558       6054        8        6       6054       90       86
      125      5811       75       68       165     2755       5811        7        5       5811       90       85
      126      5358       86       71       158     2506       5358        8        6       5358       99       91
      127      5979       75       67       137     5709       5979        7        6       5979       90       86
      128      5486       82       68       165     5243       5486        8        5       5486       98       85
      129      5580       81       69       158     3296       5580        7        6       5580       93       88
      130      5862       76       68       141     2764       5862        6        5       5862       89       86
      131      5865       77       67       149     3055       5865        7        5       5865       89       86
      132      6106       75       68       140     2174       6106        7        6       6106       90       86
      133      6169       74       68       136     2876       6169        7        6       6169       90       86
      134      6203       73       67       130     2796       6203        7        5       6203       88       85
      135      6375       71       67       130     2808       6375        6        5       6375       87       85
      136      6183       73       65       129     3071       6183        7        5       6183       88       84
      137      5811       76       69       141     3177       5811        7        6       5811       90       88
      138      6172       74       67       129     3715       6172        7        5       6172       89       86
      139      6395       72       66       127     3060       6395        7        5       6395       87       83
      140      5823       76       67       147     2757       5823        7        5       5823       90       86
      141      5970       78       65       155     3278       5970        7        5       5970       91       86
      142      5814       77       69       168     6287       5814        7        6       5814       93       88
      143      6058       73       66       157     2988       6058        6        5       6058       87       83
      144      6223       71       66       156     2696       6223        6        5       6223       86       82
      145      6168       72       65       130     2744       6168        7        5       6168       88       86
      146      6292       72       67       130     2837       6292        7        6       6292       87       85
      147      6073       72       66       130     3377       6073        7        5       6073       87       83
      148      6284       73       66       125     2958       6284        7        5       6284       88       83
      149      6080       73       68       158     2806       6080        7        5       6080       89       85
      150      6055       75       67       129     3076       6055        8        5       6055       90       85
      151      6285       72       65       118     3291       6285        7        5       6285       88       85
      152      6409       71       67       137     2945       6409        6        5       6409       88       86
      153      6305       72       66       128     2863       6305        7        5       6305       88       83
      154      5430       81       68       189     3488       5430        7        6       5430       92       86
      155      5191       86       69       185     2833       5191        8        6       5191       95       88
      156      5575       79       70       157     3082       5575        7        6       5575       96       88
      157      5818       75       68       162     2861       5818        7        5       5818       90       86
      158      5753       75       67       168     2906       5753        7        5       5753       89       85
      159      5340       84       67       177     2817       5340        8        5       5340       90       85
      160      6082       73       67       151     2862       6082        6        5       6082       88       85
      161      6599       71       67       121     3108       6599        6        5       6599       87       86
      162      6407       71       67       117     2899       6407        6        5       6407       87       86
      163      6253       70       65       147     2874       6253        7        5       6253       86       83
      164      6247       71       67       134     3069       6247        6        5       6247       87       86
      165      5672       79       67       154     3240       5672        8        6       5672       90       86
      166      5906       75       68       163     3186       5906        8        6       5906       90       86
      167      6206       73       67       124     3188       6206        7        6       6206       89       85
      168      6474       72       67       111     3041       6474        7        5       6474       87       83
      169      6098       73       67       140     3139       6098        7        5       6098       89       83
      170      5592       77       66       199     3120       5592        8        5       5592       90       83
      171      5455       87       66       158    11172       5455        7        5       5455       88       84
      172      5691       78       66       170     4743       5691        7        5       5691       90       83
      173      6109       75       69       128     2867       6109        7        6       6109       91       88
      174      5227       81       66       212     2970       5227        8        5       5227       90       81
      175      6014       74       65       137     3633       6014        7        5       6014       89       81
      176      6393       72       67       128     3106       6393        6        5       6393       87       86
      177      6546       72       66       121     2923       6546        7        5       6546       88       84
      178      6385       71       66       116     3530       6385        6        5       6385       86       83
      179      6484       72       66       119     3184       6484        7        5       6484       87       84
      180      6654       72       66       120     3084       6654        7        5       6654       88       84
      181      6555       71       66       127     2940       6555        6        5       6555       86       83
      182      6416       72       66       126     3175       6416        7        5       6416       88       83
      183      6373       73       68       135     3874       6373        7        5       6373       88       86
      184      6613       71       67       112     3110       6613        6        5       6613       88       85
      185      6504       72       67       112     3340       6504        7        5       6504       88       85
      186      6384       71       67       123     3051       6384        6        5       6384       87       85
      187      6244       72       66       123     3368       6244        7        5       6244       88       84
      188      6282       72       67       126     2857       6282        7        5       6282       88       86
      189      6400       72       67       121     3278       6400        6        5       6400       89       86
      190      6438       72       65       126     3405       6438        6        5       6438       88       86
      191      6289       72       67       121     3271       6289        7        5       6289       87       85
      192      6426       71       67       125     3516       6426        6        5       6426       87       84
      193      6617       72       67       118     3065       6617        7        5       6617       88       85
      194      6473       72       66       125     3281       6473        7        5       6473       88       85
      195      6589       71       66       128     3134       6589        6        5       6589       87       86
      196      6479       71       67       120     3181       6479        6        5       6479       87       86
      197      6360       72       67       124     3567       6360        7        5       6360       87       86
      198      6517       71       66       117     3028       6517        6        5       6517       87       83
      199      6378       71       66       125     3191       6378        6        5       6378       87       86
      200      6186       72       68       149     3139       6186        7        5       6186       88       86
      201      6362       72       65       133     3242       6362        7        5       6362       86       83
      202      6422       72       67       121     3930       6422        7        5       6422       88       85
      203      6494       71       67       124     3390       6494        7        5       6494       88       85
      204      6544       71       67       123     3342       6544        6        5       6544       87       86
      205      6684       71       67       119     3236       6684        6        5       6684       87       85
      206      6410       70       67       129     3347       6410        6        5       6410       87       86
      207      6616       71       67       121     3457       6616        7        5       6616       88       85
      208      6531       71       68       115     3153       6531        6        5       6531       89       85
      209      6456       72       67       128     3523       6456        7        5       6456       87       86
      210      5542       77       69       195     3951       5542        7        6       5542       91       86
      211      6013       74       67       162     3894       6013        6        6       6013       90       86
      212      5694       77       66       149     3323       5694        7        5       5694       86       81
      213      3521      145       64       271      679       3521       12        5       3521      156       83
      214      2944      155      110       265     3687       2944       17        8       2944      177      128
      215      3309      144       98       252     3824       3309       13        9       3309      176      121
      216      3097      146      103       255     3723       3097       13        8       3097      183      121
      217      2774      172      107       274     3609       2774       14        8       2774      183      121
      218      2897      164      100       288      909       2897       15        8       2897      173      122
      219      2319      201      123       519     3741       2319       18        9       2319      208      129
      220      2242      202      128       603     5287       2242       20       10       2242      202      139
      221      1718      232      137       877     1884       1718       25       11       1718      243      143
      222      2157      214      122       546     8805       2157       19       10       2157      208      132
      223      2201      219      131       382     5287       2201       20       10       2201      227      156
      224      1993      222      135       635     3082       1993       23       11       1993      237      138
      225      2188      205      132       669     5335       2188       21       11       2188      213      151
      226      2149      205      107       632     6010       2149       21        9       2149      208      134
      227      2479      191      108       338     4356       2479       20        9       2479      197      121
      228      2592      185      116       343     1272       2592       17        9       2592      187      122
      229      2282      201      107       565     3820       2282       18        8       2282      210      126
      230      2420      199      126       339     5315       2420       18       10       2420      201      137
      231      2217      213      113       463     4315       2217       20        9       2217      215      137
      232      2454      197      108       320     4173       2454       19        8       2454      198      131
      233      1935      223      131       603     4747       1935       21       11       1935      232      149
      234      2421      196      108       342     4987       2421       18       10       2421      198      135
      235      2394      200      107       322     4977       2394       19        9       2394      211      135
      236      2435      198      108       337     5657       2435       17        9       2435      207      135
      237      2277      197      117       577     3915       2277       17       10       2277      198      137
      238      1962      207      145       745     3508       1962       19       10       1962      228      145
      239      2230      207      122       526     4137       2230       19        9       2230      210      144
      240      2598      182      111       293     5202       2598       16        9       2598      196      136
      241      2755      171      108       282     3923       2755       15        9       2755      206      135
      242      2552      190      108       295     9297       2552       16       10       2552      208      135
      243      2285      207      125       555     4574       2285       19       10       2285      200      137
      244      2610      183      112       309     3901       2610       16       10       2610      186      137
      245      2981      162       96       275     3651       2981       13        8       2981      168      119
      246      3075      153       99       285     4485       3075       13        9       3075      181      121
      247      2906      165      102       285     4000       2906       14        8       2906      180      119
      248      2899      165      107       291     3893       2899       13        8       2899      164      121
      249      3408      141       69       443     3615       3408       11        5       3408      144       85
      250      4853       93       69       199     3882       4853        7        5       4853      107       81
      251      4491       99       66       308     3550       4491        8        6       4491      112       83
      252      4140       96       67       794     3366       4140        8        5       4140      115       82
      253      4694       92       65       288     3412       4694        8        5       4694      105       82
      254      4058      103       75       430     3369       4058        8        6       4058      119       91
      255      4478       99       75       198     3699       4478        9        6       4478      120       92
      256      4239      105       80       226     3490       4239        9        6       4239      121       96
      257      4023      118       85       204     4080       4023        9        6       4023      121       92
      258      3752      121       80       300     3695       3752       10        6       3752      127       98
      259      4188      108       78       224     4023       4188        9        6       4188      117       95
      260      4735       98       67       202     3890       4735        9        5       4735      114       81
      261      5028       87       69       183     3981       5028        8        5       5028      105       83
      262      4859       88       66       183     3937       4859        9        5       4859      105       81
      263      4231      109       69       223     4020       4231        9        5       4231      120       82
      264      3479      126       78       334     1327       3479       11        6       3479      136       96
      265      4262      111       77       210     4109       4262        9        6       4262      120       92
      266      5299       83       66       198     4342       5299        7        5       5299      104       81
      267      4390      101       74       211     3818       4390        9        6       4390      120       93
      268      4069      112       69       231     5960       4069        9        5       4069      121       84
      269      3963      122       76       259     3647       3963       10        6       3963      126       95
      270      4221      105       76       224     4244       4221        9        6       4221      121       95
      271      4004      116       78       223     4435       4004        9        6       4004      122       93
      272      4292      101       69       246     4883       4292        9        5       4292      120       85
      273      4241      102       77       211     3949       4241        9        6       4241      120       98
      274      4385      101       75       212     3556       4385        9        6       4385      120       92
      275      4460       99       76       215     4184       4460        9        6       4460      120       92
      276      4275      111       82       205     3859       4275        9        6       4275      120       92
      277      4376       99       76       222     3994       4376        8        6       4376      119       94
      278      3827      117       80       306     4316       3827       10        6       3827      125      103
      279      3373      123       77       413     3608       3373       10        6       3373      127       92
      280      4078      115       74       220     4181       4078        9        6       4078      120       86
      281      4184      114       75       223     3786       4184        9        7       4184      119       93
      282      4366      101       75       191     3956       4366        9        6       4366      119       91
      283      3745      125       77       244     4019       3745        9        6       3745      123       95
      284      3800      122       75       254     3780       3800       10        6       3800      122       93
      285      4113      111       78       232     4554       4113        9        6       4113      120       93
      286      4319      103       76       208     4300       4319        9        6       4319      120       92
      287      3786      123       78       233     3180       3786       10        6       3786      127       95
      288      3855      121       77       286     4775       3855       10        6       3855      126       95
      289      4289      105       68       230     4137       4289        9        6       4289      120       83
      290      4891       95       67       180     4008       4891        8        5       4891      115       83
      291      4311      113       69       222     3458       4311        9        5       4311      124       83
      292      4067      114       75       228     3980       4067        9        6       4067      122       91
      293      4224      105       75       212     4373       4224        9        6       4224      120       93
      294      4478      100       78       198     3922       4478        8        6       4478      119       94
      295      4247      103       79       245     8918       4247        9        6       4247      119       93
      296      4220       97       75       229     4234       4220        9        6       4220      119       91
      297      4380      100       69       194     4753       4380        9        5       4380      115       84
      298      4196      117       77       221     1466       4196        9        6       4196      120       95
      299      4111      113       69       264     3481       4111        9        6       4111      120       83
      300      4163      110       79       205     4243       4163        9        6       4163      120       92
      301      4590      102       67       188     4040       4590        8        6       4590      109       82
      302      5261       86       67       176     3570       5261        7        5       5261      104       82
      303      5129       85       67       211     4165       5129        7        5       5129      104       82
      304      5182       86       65       190     3996       5182        7        5       5182      104       83
      305      4294      116       67       199     3800       4294        8        5       4294      112       83
      306      4976       87       67       183     4198       4976        8        5       4976      105       82
      307      4842       95       67       186     3750       4842        8        5       4842      108       82
      308      4960       92       67       181     3604       4960        9        5       4960      105       83
      309      5271       85       67       179     3955       5271        7        5       5271      104       81
      310      5204       86       68       171     3634       5204        7        5       5204      104       82
      311      4936       87       69       181     4678       4936        8        5       4936      105       82
      312      5192       86       66       174     4300       5192        8        5       5192      105       82
      313      4077      116       74       221     4215       4077        9        5       4077      118       85
      314      4118      116       76       205     4629       4118        9        6       4118      121       93
      315      4059      124       75       188     3779       4059        9        6       4059      121       91
      316      4168      113       75       204     4454       4168        8        6       4168      120       92
Interrupt received

# Overall   1678690       69       62       135    11172    1678690        6        5    1678690       84       78
